376	0.907
384	0.9476764
388	1.019432
392	1.050182
396	1.092788
400	1.151308
404	1.19292
408	1.254818
412	1.319382
416	1.386035
420	1.425477
424	1.51056
428	1.57465
432	1.634199
436	1.729679
440	1.801345
444	1.876554
448	1.97886
452	2.073923
456	2.161822
460	2.273239
464	2.339147
468	2.43859
472	2.520688
476	2.64878
480	2.725776
484	2.865637
488	2.950107
492	2.998524
496	3.081334
500	3.206134
504	3.325711
508	3.414444
512	3.468613
516	3.573405
520	3.546502
524	3.577752
528	3.624011
532	3.695191
536	3.730121
540	3.670924
544	3.635453
548	3.595739
552	3.578165
556	3.574472
560	3.620038
564	3.554173
568	3.4704
572	3.38963
576	3.351732
580	3.321088
584	3.207887
588	3.183215
592	3.099773
596	3.00838
600	2.955962
604	2.89279
608	2.836144
612	2.773324
616	2.716401
620	2.671168
624	2.615471
628	2.538684
632	2.515054
636	2.435459
640	2.377775
644	2.334878
648	2.273629
652	2.23815
656	2.203483
660	2.156102
664	2.086386
668	2.054746
672	2.015434
676	1.961034
680	1.919614
684	1.901869
688	1.885286
692	1.85349
696	1.814896
700	1.790278
704	1.772039
708	1.723725
712	1.679808
716	1.657708
720	1.618146
724	1.583167
728	1.58182
732	1.567924
736	1.537877
740	1.534422
744	1.514198
748	1.499296
752	1.504272
756	1.482979
760	1.463822
764	1.444783
768	1.427606
772	1.422576
776	1.392501
780	1.387662
784	1.396724
788	1.360687
792	1.337135
796	1.3046
800	1.281583
804	1.269647
808	1.258436
812	1.243576
816	1.222281
820	1.221021
824	1.214403
828	1.22603
832	1.209874
836	1.206265
840	1.199199
844	1.175189
848	1.174223
852	1.197778
856	1.190525
860	1.170709
864	1.155014
868	1.152858
872	1.148162
876	1.164985
880	1.150824
884	1.13874
888	1.128427
892	1.120302
896	1.133096
900	1.140728
904	1.152086
908	1.121334
912	1.110113
916	1.102947
920	1.11127
924	1.119769
928	1.11107
932	1.102888
936	1.097124
940	1.103446
944	1.104427
948	1.108531
952	1.08895
956	1.094198
960	1.081997
964	1.07983
968	1.09082
972	1.077431
976	1.077244
980	1.076225
984	1.088442
988	1.080653
992	1.079321
996	1.07232
1000	1.078233
1004	1.062432
1008	1.05342
1012	1.059137
1016	1.066883
1020	1.055091
1024	1.051933
1028	1.057911
1032	1.048723
1036	1.06533
1040	1.079784
1044	1.072367
1048	1.045598
1052	1.046292
1056	1.023807
1060	1.034374
1064	1.034879
1068	1.039238
1072	1.034678
1076	1.014152
1080	1.010104
1084	1.035513
1088	1.034248
1092	1.025788
1096	1.040505
1100	1.034925
1104	1.022703
1108	1.025304
1112	1.010381
1116	1.01591
1120	1.010024
1124	1.01067
1128	0.9962087
1132	1.010757
1136	0.9984808
1140	0.9962336
1144	1.01985
1148	1.032398
1152	1.031343
1156	1.02822
1160	1.022453
1164	1.009959
1168	1.003166
1172	1.007541
1176	1.012995
1180	1.00433
1184	1.010858
1188	1.011375
1192	0.9989467
1196	0.9915868
1200	0.9905739
1204	0.9967278
1208	1.011129
1212	1.012467
1216	0.9971913
1220	1.007595
1224	1.006389
1228	0.9880579
1232	1.004167
1236	1.003767
1240	1.009343
1244	1.007635
1248	0.992079
1252	1.000119
1256	1.00039
1260	1.004496
1264	0.9866082
1268	0.9931594
1272	0.9884057
1276	0.9914683
1280	0.9772798
1284	0.9843267
1288	0.9749568
1292	0.9609942
1296	0.9716661
1300	0.9810134
1304	0.9672988
1308	0.9537111
1312	0.9612127
1316	0.962891
1320	0.965116
1324	0.9531723
1328	0.957202
1332	0.9590004
1336	0.9649746
1340	0.9619159
1344	0.9509129
1348	0.9526411
1352	0.9589289
1356	0.9592136
1360	0.9557431
1364	0.9382966
1368	0.9562111
1372	0.9616955
1376	0.9569826
1380	0.9436347
1384	0.9448546
1388	0.9628286
1392	0.9474068
1396	0.9506822
1400	0.9493511
1404	0.943177
1408	0.9428238
1412	0.9320025
1416	0.9503623
1420	0.9492428
1424	0.9445363
1428	0.9498951
1432	0.9458411
1436	0.9331931
1440	0.9512093
1444	0.9321749
1448	0.9135476
1452	0.9220353
1456	0.93778
1460	0.9276639
1464	0.9067807
1468	0.9186335
1472	0.9318887
1476	0.924916
1480	0.9228396
1484	0.9076869
1488	0.9091217
1492	0.9292918
1496	0.9237834
1500	0.9037541
1504	0.9008506
1508	0.9162281
1512	0.9238546
1516	0.9131268
1520	0.9018402
1524	0.9061819
1528	0.8945334
1532	0.8977979
1536	0.897348
1540	0.8989498
1544	0.8907657
1548	0.8958211
1552	0.9085559
1556	0.8994188
1560	0.9044318
1564	0.9042688
1568	0.8998241
1572	0.8884997
1576	0.8800546
1580	0.8712245
1584	0.8789286
1588	0.8773255
1592	0.8806118
1596	0.8936238
1600	0.8893088
1604	0.87385
1608	0.8720517
1612	0.879197
1616	0.880408
1620	0.8751982
1624	0.8856769
1628	0.8810048
1632	0.8739277
1636	0.8720517
1640	0.8882729
1644	0.8767403
1648	0.8721259
1652	0.8788517
1656	0.8757658
1660	0.8734869
1664	0.8879339
1668	0.877144
1672	0.8740475
1676	0.8775458
1680	0.8809639
1684	0.8817974
1688	0.8839758
1692	0.8881304
1696	0.8802433
1700	0.8783876
1704	0.8975723
1708	0.8933039
1712	0.8966573
1716	0.8923839
1720	0.9095372
1724	0.9193771
1728	0.9114397
1732	0.9076627
1736	0.9184607
1740	0.9121997
1744	0.8927699
1748	0.8940439
1752	0.8877597
1756	0.9129702
1760	0.9288803
1764	0.9293409
1768	0.8984498
1772	0.9309793
1776	0.9523811
1780	0.934311
1784	0.9144334
1788	0.9274662
1792	0.9376014
1796	0.9148697
1800	0.9128588
1804	0.9247882
1808	0.9173236
1812	0.9287035
1816	0.9445414
1820	0.9593459
1824	0.9410791
1828	0.964
1832	0.947372
1836	0.9346694
1840	0.9536644
1844	0.9589049
1848	0.9832202
1852	0.9784662
1856	0.9741038
1860	0.9588495
1864	0.9630105
1868	0.9699731
1872	0.9684457
1876	0.991434
1880	1.007774
1884	0.9921461
1888	0.9793004
1892	0.9888319
1896	1.011191
1900	1.020012
1904	1.013909
1908	1.010824
1912	1.021705
1916	1.048781
1920	1.055704
1924	1.056521
1928	1.065052
1932	1.1021
1936	1.090706
1940	1.097622
1944	1.105148
1948	1.104008
1952	1.136822
1956	1.123798
1960	1.141307
1964	1.165864
1968	1.182777
1972	1.181736
1976	1.187499
1980	1.192162
1984	1.237507
1988	1.253322
1992	1.25933
1996	1.244772
2000	1.240114
2004	1.261677
2008	1.270975
2012	1.27463
2016	1.307517
2020	1.315109
2024	1.320957
2028	1.344334
2032	1.338914
2036	1.344527
2040	1.362631
2044	1.355698
2048	1.378453
2052	1.398367
2056	1.403272
2060	1.423677
2064	1.434783
2068	1.441747
2072	1.466335
2076	1.47383
2080	1.506387
2084	1.515048
2088	1.514367
2092	1.535404
2096	1.553819
2100	1.567953
2104	1.583683
2108	1.592335
2112	1.611837
2116	1.630129
2120	1.646923
2124	1.657868
2128	1.693201
2132	1.716321
2136	1.740015
2140	1.744128
2144	1.755839
2148	1.78181
2152	1.804359
2156	1.838802
2160	1.869612
2164	1.856269
2168	1.881855
2172	1.893434
2176	1.904484
2180	1.955302
2184	1.952795
2188	1.948647
2192	1.976055
2196	1.999641
2200	2.013592
2204	2.048766
2208	2.069717
2212	2.099315
2216	2.132234
2220	2.19429
2224	2.153846
2228	2.172726
2232	2.274234
2236	2.330817
2240	2.327495
2244	2.390303
2248	2.394322
2252	2.41292
2256	2.472163
2260	2.508265
2264	2.500355
2268	2.529184
2272	2.628156
2276	2.729289
2280	2.72915
2284	2.70432
2288	2.760927
2292	2.805886
2296	2.870251
2300	2.962321
2304	2.993426
2308	3.038122
2312	3.089722
2316	3.246275
2320	3.299773
2324	3.287408
2328	3.305232
2332	3.308224
2336	3.343438
2340	3.439699
2344	3.548473
2348	3.509152
2352	3.644627
2356	3.684324
2360	3.726004
2364	3.760667
2368	3.797225
2372	3.851866
2376	3.944108
2380	4.012936
2384	4.003643
2388	4.023742
2392	4.067748
2396	4.046549
2400	4.011375
2404	4.007751
2408	4.194733
2412	4.184537
2416	4.282162
2420	4.377127
2424	4.466771
2428	4.495163
2432	4.565649
2436	4.631215
2440	4.663311
2444	4.665641
2448	4.586655
2452	4.570589
2456	4.646981
2460	4.669872
2464	4.804093
2468	4.907342
2472	4.966451
2476	4.971512
2480	5.013509
2484	5.063849
2488	5.06798
2492	5.025272
2496	5.026326
2500	5.041379
2504	5.016284
2508	5.060846
2512	5.030789
2516	5.055132
2520	5.068119
2524	5.11442
2528	5.080135
2532	5.116239
2536	5.144682
2540	5.157781
2544	5.190073
2548	5.235469
2552	5.266503
2556	5.308975
2560	5.412843
2564	5.453842
2568	5.447557
2572	5.522217
2576	5.532492
2580	5.492156
2584	5.558226
2588	5.548051
2592	5.656511
2596	5.722882
2600	5.736254
2604	5.793816
2608	5.85153
2612	5.842145
2616	5.935224
2620	5.881254
2624	5.78243
2628	5.750392
2632	5.663506
2636	5.635011
2640	5.519762
2644	5.431648
2648	5.411752
2652	5.380802
2656	5.371758
2660	5.382528
2664	5.365215
2668	5.431965
2672	5.444344
2676	5.483645
2680	5.484439
2684	5.522638
2688	5.558847
2692	5.565815
2696	5.632968
2700	5.681006
2704	5.635537
2708	5.610435
2712	5.662398
2716	5.689809
2720	5.773704
2724	5.717874
2728	5.698936
2732	5.605876
2736	5.716454
2740	5.698199
2744	5.780078
2748	5.672975
2752	5.668307
2756	5.837958
2760	5.860747
2764	5.900364
2768	5.880369
2772	5.970972
2776	6.032468
2780	5.989171
2784	6.06366
2788	6.143569
2792	6.240333
2796	6.334625
2800	6.289138
2804	6.379978
2808	6.510736
2812	6.478464
2816	6.600727
2820	6.575312
2824	6.743572
2828	6.868505
2832	6.963463
2836	6.986414
2840	6.960407
2844	7.011097
2848	7.018607
2852	6.975459
2856	6.879945
2860	6.832964
2864	6.672524
2868	6.611198
2872	6.526913
2876	6.404011
2880	6.298091
2884	6.16692
2888	6.116971
2892	6.078493
2896	6.054749
2900	5.961313
2904	5.9294
2908	5.875727
2912	5.865326
2916	5.908176
2920	5.8521
2924	5.854473
2928	5.896544
2932	5.849641
2936	5.896156
2940	5.840591
2944	5.835138
2948	5.844706
2952	5.786939
2956	5.767471
2960	5.681939
2964	5.607624
2968	5.582539
2972	5.510711
2976	5.452773
2980	5.328207
2984	5.252781
2988	5.205868
2992	5.128072
2996	5.069833
3000	5.020041
3004	4.983253
3008	4.930039
3012	4.896806
3016	4.855718
3020	4.806466
3024	4.795427
3028	4.7616
3032	4.744041
3036	4.710083
3040	4.691154
3044	4.642209
3048	4.629383
3052	4.600219
3056	4.553084
3060	4.528202
3064	4.484818
3068	4.471118
3072	4.423137
3076	4.375914
3080	4.344565
3084	4.318351
3088	4.283617
3092	4.249767
3096	4.208447
3100	4.144319
3104	4.125119
3108	4.066353
3112	4.021419
3116	4.004435
3120	3.953652
3124	3.914169
3128	3.836825
3132	3.786291
3136	3.74818
3140	3.711432
3144	3.647944
3148	3.608793
3152	3.55309
3156	3.480863
3160	3.43516
3164	3.399546
3168	3.348872
3172	3.289842
3176	3.237521
3180	3.188455
3184	3.146951
3188	3.133615
3192	3.079675
3196	3.003304
3200	3.017503
3204	2.996747
3208	2.954823
3212	2.929828
3216	2.904912
3220	2.849326
3224	2.841995
3228	2.79924
3232	2.753409
3236	2.743432
3240	2.692608
3244	2.640039
3248	2.598771
3252	2.578758
3256	2.54464
3260	2.528922
3264	2.494717
3268	2.486219
3272	2.458981
3276	2.441544
3280	2.379048
3284	2.330625
3288	2.30372
3292	2.270467
3296	2.234017
3300	2.20475
3304	2.151165
3308	2.121787
3312	2.096436
3316	2.055245
3320	2.040552
3324	2.000609
3328	1.952216
3332	1.913135
3336	1.859757
3340	1.81609
3344	1.760897
3348	1.709394
3352	1.656802
3356	1.582146
3360	1.524484
3364	1.444141
3368	1.363743
3372	1.276987
3376	1.195928
3380	1.094955
3384	0.9944967
3388	0.8784129
3392	0.7526102
3396	0.6195054
3400	0.4703317
