376	2.324288
384	2.30426
388	2.235583
392	2.189495
396	2.256652
400	2.251621
404	2.20444
408	2.184715
412	2.127267
416	2.098493
420	2.072168
424	2.008412
428	1.985337
432	1.958063
436	1.869647
440	1.807299
444	1.735865
448	1.667357
452	1.614295
456	1.531099
460	1.479733
464	1.423608
468	1.33079
472	1.350933
476	1.268318
480	1.212985
484	1.062111
488	1.011326
492	0.9961307
496	0.9402231
500	0.8895378
504	0.7139564
508	0.7306889
512	0.6827121
516	0.5409409
520	0.5539703
524	0.537257
528	0.5247478
532	0.366526
536	0.3315228
540	0.3345684
544	0.3264132
548	0.2798238
552	0.2625163
556	0.2686837
560	0.1621284
564	0.1249737
568	0.1593664
572	0.1903251
576	0.1085542
580	0.1257611
584	0.1058307
588	0.1055151
592	0.06711603
596	0.04436599
600	-0.02305988
604	0.03720869
608	0.01199557
612	0.02151164
616	0.02213543
620	0.03652354
624	0.01825924
628	0.01594061
632	0.03955126
636	0.08889193
640	0.1289487
644	0.08127426
648	0.0309793
652	0.0248187
656	0.01587977
660	0.06324565
664	0.05984076
668	0.05378052
672	0.06474146
676	0.07564259
680	0.106753
684	0.09513879
688	0.08604716
692	0.1693236
696	0.1688159
700	0.1468172
704	0.1499388
708	0.167919
712	0.1664608
716	0.1837931
720	0.2128977
724	0.183453
728	0.2167484
732	0.2639482
736	0.2750494
740	0.2995602
744	0.2853594
748	0.3191629
752	0.3431057
756	0.3727688
760	0.3798687
764	0.3741421
768	0.3849277
772	0.3796573
776	0.3864258
780	0.4228673
784	0.4496695
788	0.4332352
792	0.4375025
796	0.4429379
800	0.4727255
804	0.4933603
808	0.5040118
812	0.5371287
816	0.5581357
820	0.5672334
824	0.5914184
828	0.6375003
832	0.6294922
836	0.6611019
840	0.699706
844	0.6982166
848	0.713321
852	0.7307854
856	0.7303113
860	0.7762156
864	0.8122145
868	0.8269267
872	0.8736949
876	0.8883378
880	0.8667408
884	0.8791998
888	0.9163205
892	0.9375747
896	0.9730573
900	0.9826789
904	0.9973894
908	0.9936463
912	0.9977096
916	1.006546
920	1.060612
924	1.078308
928	1.083233
932	1.117275
936	1.141165
940	1.171388
944	1.18251
948	1.222569
952	1.24707
956	1.230252
960	1.258216
964	1.293829
968	1.290391
972	1.315954
976	1.345803
980	1.360201
984	1.385252
988	1.40725
992	1.400886
996	1.440295
1000	1.436451
1004	1.466052
1008	1.519864
1012	1.512873
1016	1.529111
1020	1.535696
1024	1.540622
1028	1.563138
1032	1.582238
1036	1.602448
1040	1.626866
1044	1.67109
1048	1.682397
1052	1.698068
1056	1.70834
1060	1.69929
1064	1.738496
1068	1.753417
1072	1.751771
1076	1.766241
1080	1.811363
1084	1.81768
1088	1.825013
1092	1.844889
1096	1.876978
1100	1.896665
1104	1.908429
1108	1.908766
1112	1.932405
1116	1.946151
1120	1.959409
1124	1.979876
1128	1.999576
1132	2.017509
1136	2.033971
1140	2.045276
1144	2.086445
1148	2.11574
1152	2.123581
1156	2.123201
1160	2.152659
1164	2.16426
1168	2.184986
1172	2.196285
1176	2.221273
1180	2.233823
1184	2.240841
1188	2.269711
1192	2.27225
1196	2.300369
1200	2.297792
1204	2.317028
1208	2.332451
1212	2.35292
1216	2.370079
1220	2.380335
1224	2.399856
1228	2.392571
1232	2.406378
1236	2.401897
1240	2.426348
1244	2.433545
1248	2.447619
1252	2.48228
1256	2.466103
1260	2.488221
1264	2.528142
1268	2.554998
1272	2.555084
1276	2.579449
1280	2.580156
1284	2.593002
1288	2.597036
1292	2.608055
1296	2.62312
1300	2.638592
1304	2.638919
1308	2.631261
1312	2.673729
1316	2.701504
1320	2.684604
1324	2.701553
1328	2.757302
1332	2.768023
1336	2.768811
1340	2.792726
1344	2.792166
1348	2.779255
1352	2.810341
1356	2.79774
1360	2.826515
1364	2.833626
1368	2.851254
1372	2.847203
1376	2.848264
1380	2.870285
1384	2.904343
1388	2.927914
1392	2.909927
1396	2.898793
1400	2.937563
1404	2.959446
1408	2.943506
1412	2.923877
1416	2.947036
1420	2.941966
1424	2.951948
1428	2.915246
1432	2.928773
1436	2.972542
1440	3.013712
1444	3.032336
1448	3.024873
1452	2.987016
1456	3.003495
1460	2.987108
1464	3.000763
1468	3.018351
1472	3.011199
1476	2.995848
1480	3.015228
1484	3.003747
1488	3.014649
1492	3.026784
1496	3.047518
1500	3.02306
1504	3.015594
1508	3.005721
1512	3.035647
1516	3.023305
1520	3.032853
1524	3.054721
1528	3.052856
1532	3.062249
1536	3.034963
1540	3.043408
1544	3.075038
1548	3.060713
1552	3.058439
1556	3.066441
1560	3.071797
1564	3.07696
1568	3.079718
1572	3.069506
1576	3.076776
1580	3.077453
1584	3.081107
1588	3.0813
1592	3.063779
1596	3.07412
1600	3.075006
1604	3.066134
1608	3.05838
1612	3.065661
1616	3.085966
1620	3.079128
1624	3.079049
1628	3.071374
1632	3.079529
1636	3.071805
1640	3.067239
1644	3.062035
1648	3.065893
1652	3.078877
1656	3.075358
1660	3.060073
1664	3.065587
1668	3.050853
1672	3.051174
1676	3.05073
1680	3.047558
1684	3.041123
1688	3.056534
1692	3.070587
1696	3.074296
1700	3.037018
1704	3.049323
1708	3.023743
1712	3.027637
1716	3.034004
1720	3.052916
1724	3.033403
1728	3.028233
1732	3.032055
1736	3.040782
1740	3.032985
1744	3.047055
1748	3.046183
1752	3.012445
1756	3.04037
1760	3.021633
1764	3.000105
1768	3.042674
1772	3.008653
1776	2.978727
1780	2.974399
1784	2.98754
1788	2.984684
1792	2.98263
1796	2.974443
1800	2.994091
1804	3.033792
1808	3.022262
1812	3.048014
1816	3.013331
1820	2.991059
1824	2.995408
1828	3.021877
1832	2.983535
1836	3.004559
1840	2.997504
1844	2.978265
1848	2.981411
1852	2.983194
1856	3.012346
1860	3.021897
1864	3.00629
1868	3.006168
1872	3.052683
1876	3.063489
1880	3.022838
1884	3.026972
1888	3.076146
1892	3.069729
1896	3.072793
1900	3.079927
1904	3.051786
1908	3.019063
1912	3.060877
1916	3.085781
1920	3.098235
1924	3.0911
1928	3.081246
1932	3.078918
1936	3.099745
1940	3.11756
1944	3.119266
1948	3.112518
1952	3.15441
1956	3.133547
1960	3.165563
1964	3.184829
1968	3.180516
1972	3.190778
1976	3.240779
1980	3.273148
1984	3.278688
1988	3.318377
1992	3.308847
1996	3.318618
2000	3.301113
2004	3.315533
2008	3.365006
2012	3.376585
2016	3.349475
2020	3.366704
2024	3.401636
2028	3.406529
2032	3.425012
2036	3.432036
2040	3.46184
2044	3.453085
2048	3.468252
2052	3.495127
2056	3.472545
2060	3.503257
2064	3.544494
2068	3.537956
2072	3.56827
2076	3.573924
2080	3.612102
2084	3.615446
2088	3.623683
2092	3.645487
2096	3.674557
2100	3.683624
2104	3.693364
2108	3.726069
2112	3.743832
2116	3.744583
2120	3.764047
2124	3.766382
2128	3.798802
2132	3.832724
2136	3.847826
2140	3.857759
2144	3.903766
2148	3.898328
2152	3.932704
2156	3.946122
2160	3.973131
2164	3.977872
2168	4.011096
2172	4.01866
2176	4.048502
2180	4.058747
2184	4.073008
2188	4.077676
2192	4.149541
2196	4.164316
2200	4.156718
2204	4.15784
2208	4.201174
2212	4.245642
2216	4.277001
2220	4.336974
2224	4.269925
2228	4.347372
2232	4.393656
2236	4.396154
2240	4.389993
2244	4.460937
2248	4.447077
2252	4.4489
2256	4.505432
2260	4.554238
2264	4.607658
2268	4.601052
2272	4.623184
2276	4.660274
2280	4.604946
2284	4.615793
2288	4.706814
2292	4.748274
2296	4.766833
2300	4.778442
2304	4.780574
2308	4.790711
2312	4.847566
2316	4.834061
2320	4.929837
2324	4.939756
2328	4.942913
2332	4.946453
2336	5.043102
2340	5.042393
2344	5.089098
2348	5.091625
2352	5.230177
2356	5.276311
2360	5.217083
2364	5.176316
2368	5.245578
2372	5.294954
2376	5.311725
2380	5.324491
2384	5.330397
2388	5.390257
2392	5.410241
2396	5.339583
2400	5.378297
2404	5.469303
2408	5.517785
2412	5.531776
2416	5.535111
2420	5.556831
2424	5.678981
2428	5.768733
2432	5.862298
2436	5.994092
2440	6.035583
2444	6.05405
2448	6.068206
2452	6.070395
2456	6.211309
2460	6.164119
2464	6.254876
2468	6.37531
2472	6.38781
2476	6.411851
2480	6.426273
2484	6.407916
2488	6.419813
2492	6.43585
2496	6.452224
2500	6.499285
2504	6.470642
2508	6.459403
2512	6.527899
2516	6.60233
2520	6.558455
2524	6.627287
2528	6.614233
2532	6.608272
2536	6.631092
2540	6.657307
2544	6.724626
2548	6.752378
2552	6.745868
2556	6.773317
2560	6.783777
2564	6.801771
2568	6.82339
2572	6.87643
2576	6.908119
2580	6.906906
2584	6.970144
2588	6.975258
2592	7.005393
2596	7.034091
2600	7.056492
2604	7.118067
2608	7.115691
2612	7.040761
2616	7.118999
2620	7.118651
2624	7.151546
2628	7.18137
2632	7.210414
2636	7.268461
2640	7.272395
2644	7.328109
2648	7.3398
2652	7.336428
2656	7.298058
2660	7.334936
2664	7.340218
2668	7.339185
2672	7.405095
2676	7.436906
2680	7.379055
2684	7.414157
2688	7.485663
2692	7.49814
2696	7.456434
2700	7.42835
2704	7.490275
2708	7.410355
2712	7.496367
2716	7.510508
2720	7.482575
2724	7.480503
2728	7.43013
2732	7.422854
2736	7.486532
2740	7.526968
2744	7.469364
2748	7.470552
2752	7.528708
2756	7.686465
2760	7.662494
2764	7.576524
2768	7.579638
2772	7.53512
2776	7.471734
2780	7.403569
2784	7.484411
2788	7.513493
2792	7.494648
2796	7.53667
2800	7.499026
2804	7.41542
2808	7.41551
2812	7.420756
2816	7.419337
2820	7.364174
2824	7.413175
2828	7.430986
2832	7.354175
2836	7.320433
2840	7.329958
2844	7.332387
2848	7.378155
2852	7.379049
2856	7.35583
2860	7.343225
2864	7.241464
2868	7.359797
2872	7.36924
2876	7.279718
2880	7.243369
2884	7.219078
2888	7.263699
2892	7.259439
2896	7.257014
2900	7.24363
2904	7.200167
2908	7.182573
2912	7.147501
2916	7.13988
2920	7.156625
2924	7.151915
2928	7.1462
2932	7.108256
2936	7.075216
2940	7.05609
2944	7.039286
2948	7.046426
2952	6.982131
2956	6.993705
2960	7.028172
2964	6.987893
2968	6.942868
2972	6.919122
2976	6.908239
2980	6.898021
2984	6.855948
2988	6.861727
2992	6.790578
2996	6.805581
3000	6.766361
3004	6.710711
3008	6.686767
3012	6.622312
3016	6.632855
3020	6.622013
3024	6.572816
3028	6.538309
3032	6.516292
3036	6.464955
3040	6.482482
3044	6.413083
3048	6.371785
3052	6.388539
3056	6.306268
3060	6.288133
3064	6.231077
3068	6.197583
3072	6.184203
3076	6.150043
3080	6.121118
3084	6.082984
3088	6.039804
3092	5.997686
3096	5.963191
3100	5.926562
3104	5.905943
3108	5.841932
3112	5.786659
3116	5.77846
3120	5.705429
3124	5.681129
3128	5.597792
3132	5.524937
3136	5.510343
3140	5.4576
3144	5.374573
3148	5.361441
3152	5.291141
3156	5.222913
3160	5.189839
3164	5.176109
3168	5.09131
3172	5.054315
3176	5.004268
3180	4.981101
3184	4.928366
3188	4.866856
3192	4.81696
3196	4.773082
3200	4.752387
3204	4.724282
3208	4.673796
3212	4.600172
3216	4.556551
3220	4.514901
3224	4.517251
3228	4.45721
3232	4.383195
3236	4.35917
3240	4.347966
3244	4.274981
3248	4.255306
3252	4.252398
3256	4.181824
3260	4.16546
3264	4.12341
3268	4.062064
3272	4.03487
3276	4.073089
3280	4.023056
3284	3.94655
3288	3.910068
3292	3.88869
3296	3.878988
3300	3.840478
3304	3.833837
3308	3.813319
3312	3.781244
3316	3.717764
3320	3.662833
3324	3.685753
3328	3.670644
3332	3.608558
3336	3.607806
3340	3.611931
3344	3.598028
3348	3.537497
3352	3.491308
3356	3.476241
3360	3.465575
3364	3.440782
3368	3.388861
3372	3.334634
3376	3.291372
3380	3.219432
3384	3.159341
3388	3.085938
3392	2.994697
3396	2.871448
3400	2.730535
