376	2.078962
384	2.110692
388	2.133993
392	2.143262
396	2.198365
400	2.269133
404	2.288147
408	2.320008
412	2.364227
416	2.376042
420	2.393043
424	2.433751
428	2.468682
432	2.468306
436	2.491508
440	2.516788
444	2.518843
448	2.527885
452	2.525806
456	2.520051
460	2.506977
464	2.492692
468	2.473337
472	2.491268
476	2.463647
480	2.398392
484	2.339562
488	2.279113
492	2.208813
496	2.1565
500	2.09267
504	1.970793
508	1.939078
512	1.855892
516	1.717237
520	1.577419
524	1.486221
528	1.397126
532	1.279965
536	1.131228
540	0.9373482
544	0.8667409
548	0.7828389
552	0.6686859
556	0.5684084
560	0.420673
564	0.3051886
568	0.2641533
572	0.2010932
576	0.1093724
580	0.05165244
584	-0.0292135
588	-0.07866649
592	-0.1234906
596	-0.2024443
600	-0.2778195
604	-0.2781264
608	-0.3474704
612	-0.3523406
616	-0.3891915
620	-0.3892691
624	-0.4117765
628	-0.4205181
632	-0.4217082
636	-0.3953178
640	-0.374263
644	-0.4101253
648	-0.4519824
652	-0.4561158
656	-0.4433252
660	-0.4568399
664	-0.4476695
668	-0.4325008
672	-0.416627
676	-0.435297
680	-0.4033482
684	-0.3911785
688	-0.3853912
692	-0.3255753
696	-0.3504269
700	-0.3451218
704	-0.3239874
708	-0.3134976
712	-0.3101967
716	-0.2934884
720	-0.2707853
724	-0.2734645
728	-0.2484984
732	-0.2104725
736	-0.1950372
740	-0.1720328
744	-0.1782263
748	-0.1443178
752	-0.1031054
756	-0.08754588
760	-0.07444324
764	-0.07584208
768	-0.06087752
772	-0.06024908
776	-0.04287317
780	-0.0189164
784	-0.008511226
788	0.000804073
792	0.02103535
796	0.02953131
800	0.05420243
804	0.0806889
808	0.09696542
812	0.1147535
816	0.1461775
820	0.1769906
824	0.1972554
828	0.2293536
832	0.228131
836	0.2470847
840	0.2701859
844	0.2922897
848	0.3094363
852	0.3209433
856	0.3351591
860	0.3692876
864	0.3911673
868	0.4031758
872	0.4385202
876	0.4593693
880	0.4493569
884	0.463798
888	0.495699
892	0.5039563
896	0.5380606
900	0.5578611
904	0.5724673
908	0.5795624
912	0.5928748
916	0.5989152
920	0.6302306
924	0.6473454
928	0.6646902
932	0.6817594
936	0.7027363
940	0.730139
944	0.7468165
948	0.7663569
952	0.7887507
956	0.7915284
960	0.8024183
964	0.8270628
968	0.8411472
972	0.861807
976	0.884729
980	0.8987816
984	0.9217103
988	0.9297735
992	0.9459569
996	0.9742658
1000	0.9807524
1004	0.9924789
1008	1.023649
1012	1.04378
1016	1.053659
1020	1.053816
1024	1.072123
1028	1.089211
1032	1.105586
1036	1.127725
1040	1.145037
1044	1.172802
1048	1.19397
1052	1.204375
1056	1.214945
1060	1.225952
1064	1.248713
1068	1.259855
1072	1.272179
1076	1.286408
1080	1.308765
1084	1.315333
1088	1.327895
1092	1.352493
1096	1.371966
1100	1.385868
1104	1.399199
1108	1.409352
1112	1.4249
1116	1.445389
1120	1.456695
1124	1.464767
1128	1.481475
1132	1.499346
1136	1.510592
1140	1.518225
1144	1.545797
1148	1.56462
1152	1.581263
1156	1.588567
1160	1.600309
1164	1.612015
1168	1.635135
1172	1.651217
1176	1.662735
1180	1.667037
1184	1.686894
1188	1.701803
1192	1.7139
1196	1.725781
1200	1.730945
1204	1.752421
1208	1.765697
1212	1.778783
1216	1.797949
1220	1.805011
1224	1.82013
1228	1.831387
1232	1.841879
1236	1.848463
1240	1.864343
1244	1.877872
1248	1.894114
1252	1.904771
1256	1.90767
1260	1.915096
1264	1.945568
1268	1.95922
1272	1.966013
1276	1.973017
1280	1.980816
1284	1.993492
1288	2.005829
1292	2.019168
1296	2.025677
1300	2.04402
1304	2.03933
1308	2.052566
1312	2.075834
1316	2.087174
1320	2.084486
1324	2.092107
1328	2.125664
1332	2.130486
1336	2.144206
1340	2.163594
1344	2.16424
1348	2.165139
1352	2.179591
1356	2.182191
1360	2.200762
1364	2.202785
1368	2.226381
1372	2.220665
1376	2.221838
1380	2.241888
1384	2.249496
1388	2.266855
1392	2.272694
1396	2.279485
1400	2.291888
1404	2.301202
1408	2.303083
1412	2.310865
1416	2.309455
1420	2.314078
1424	2.344898
1428	2.339249
1432	2.334587
1436	2.361669
1440	2.38045
1444	2.385308
1448	2.39767
1452	2.385812
1456	2.392004
1460	2.391835
1464	2.405979
1468	2.41653
1472	2.423245
1476	2.40336
1480	2.416804
1484	2.431193
1488	2.438973
1492	2.450663
1496	2.463687
1500	2.454633
1504	2.465484
1508	2.472819
1512	2.476969
1516	2.47757
1520	2.493267
1524	2.508392
1528	2.512566
1532	2.511896
1536	2.505198
1540	2.511263
1544	2.535938
1548	2.539933
1552	2.539539
1556	2.551619
1560	2.558869
1564	2.574142
1568	2.583395
1572	2.574415
1576	2.585676
1580	2.588706
1584	2.59744
1588	2.602402
1592	2.603961
1596	2.613637
1600	2.620385
1604	2.618698
1608	2.621376
1612	2.631201
1616	2.641644
1620	2.65506
1624	2.651563
1628	2.659344
1632	2.664385
1636	2.673095
1640	2.678012
1644	2.681709
1648	2.692474
1652	2.703669
1656	2.707198
1660	2.703726
1664	2.720223
1668	2.729199
1672	2.731158
1676	2.740857
1680	2.741951
1684	2.747005
1688	2.753201
1692	2.768816
1696	2.779584
1700	2.779513
1704	2.793622
1708	2.783625
1712	2.781941
1716	2.79815
1720	2.813689
1724	2.807471
1728	2.797262
1732	2.823058
1736	2.850942
1740	2.83546
1744	2.851227
1748	2.858573
1752	2.866747
1756	2.880323
1760	2.879942
1764	2.88549
1768	2.89625
1772	2.918771
1776	2.884292
1780	2.884417
1784	2.907089
1788	2.917299
1792	2.928723
1796	2.910193
1800	2.93991
1804	2.96419
1808	2.963123
1812	2.991359
1816	2.964048
1820	2.99249
1824	3.010407
1828	3.014607
1832	3.011485
1836	3.00219
1840	3.033997
1844	3.038592
1848	3.052594
1852	3.054912
1856	3.080623
1860	3.104675
1864	3.091538
1868	3.095344
1872	3.119055
1876	3.157863
1880	3.141883
1884	3.150051
1888	3.163552
1892	3.192249
1896	3.208778
1900	3.226679
1904	3.198817
1908	3.211076
1912	3.245991
1916	3.267786
1920	3.312604
1924	3.312855
1928	3.300776
1932	3.306741
1936	3.338748
1940	3.352279
1944	3.377588
1948	3.374351
1952	3.401484
1956	3.36647
1960	3.383658
1964	3.42018
1968	3.431736
1972	3.458704
1976	3.51873
1980	3.522409
1984	3.562797
1988	3.59897
1992	3.602187
1996	3.60714
2000	3.599518
2004	3.614065
2008	3.678344
2012	3.688077
2016	3.680477
2020	3.691179
2024	3.723889
2028	3.730216
2032	3.76163
2036	3.769537
2040	3.793315
2044	3.814934
2048	3.840667
2052	3.853287
2056	3.853279
2060	3.881323
2064	3.907028
2068	3.933798
2072	3.942914
2076	3.961912
2080	3.989515
2084	4.002882
2088	4.022223
2092	4.032096
2096	4.056457
2100	4.071772
2104	4.084404
2108	4.117481
2112	4.133079
2116	4.155073
2120	4.172332
2124	4.182484
2128	4.234799
2132	4.254824
2136	4.264298
2140	4.279837
2144	4.324357
2148	4.327791
2152	4.335566
2156	4.368144
2160	4.381098
2164	4.396351
2168	4.442291
2172	4.470865
2176	4.489917
2180	4.509212
2184	4.512503
2188	4.54683
2192	4.642505
2196	4.629339
2200	4.660031
2204	4.70637
2208	4.737099
2212	4.760257
2216	4.814969
2220	4.83434
2224	4.832699
2228	4.890497
2232	4.926141
2236	4.967186
2240	4.991353
2244	5.045499
2248	5.045992
2252	5.040884
2256	5.085414
2260	5.179872
2264	5.234412
2268	5.258877
2272	5.305739
2276	5.353225
2280	5.33677
2284	5.356399
2288	5.433681
2292	5.454432
2296	5.48576
2300	5.544938
2304	5.530077
2308	5.579797
2312	5.580934
2316	5.602392
2320	5.61352
2324	5.608994
2328	5.669837
2332	5.686303
2336	5.696042
2340	5.708544
2344	5.719907
2348	5.715065
2352	5.817632
2356	5.802511
2360	5.798296
2364	5.75293
2368	5.793282
2372	5.839265
2376	5.786825
2380	5.86519
2384	5.911226
2388	5.851087
2392	5.7721
2396	5.775588
2400	5.810487
2404	5.870383
2408	5.89866
2412	5.959062
2416	5.955078
2420	5.953786
2424	6.001586
2428	6.015183
2432	5.939105
2436	5.900122
2440	5.905748
2444	5.92407
2448	5.906364
2452	5.991929
2456	6.095674
2460	6.13469
2464	6.144674
2468	6.149316
2472	6.137509
2476	6.100439
2480	6.08132
2484	6.072219
2488	6.057857
2492	6.020538
2496	6.04564
2500	6.0552
2504	6.060785
2508	6.040105
2512	6.078384
2516	6.105327
2520	6.146509
2524	6.193285
2528	6.198359
2532	6.24308
2536	6.267284
2540	6.337208
2544	6.412181
2548	6.415673
2552	6.400764
2556	6.47271
2560	6.5302
2564	6.499439
2568	6.463011
2572	6.51001
2576	6.5139
2580	6.524129
2584	6.554515
2588	6.5902
2592	6.556486
2596	6.596022
2600	6.583976
2604	6.560401
2608	6.516255
2612	6.462654
2616	6.386573
2620	6.317004
2624	6.258856
2628	6.227163
2632	6.258748
2636	6.269185
2640	6.316043
2644	6.402884
2648	6.482461
2652	6.572294
2656	6.629643
2660	6.665389
2664	6.6987
2668	6.787229
2672	6.868187
2676	6.939229
2680	6.93454
2684	6.962416
2688	7.024822
2692	7.026886
2696	7.0231
2700	7.120071
2704	7.086751
2708	7.122586
2712	7.123247
2716	7.083374
2720	7.106452
2724	7.160711
2728	7.166601
2732	7.157263
2736	7.181898
2740	7.234049
2744	7.265958
2748	7.258836
2752	7.344341
2756	7.482236
2760	7.478837
2764	7.455442
2768	7.466313
2772	7.560187
2776	7.462914
2780	7.440683
2784	7.501045
2788	7.505181
2792	7.571424
2796	7.527824
2800	7.500723
2804	7.371128
2808	7.358832
2812	7.375335
2816	7.301362
2820	7.263027
2824	7.131354
2828	7.049391
2832	6.963264
2836	6.763462
2840	6.612582
2844	6.541471
2848	6.372117
2852	6.216063
2856	6.112295
2860	6.010968
2864	5.805237
2868	5.754447
2872	5.692939
2876	5.613955
2880	5.557555
2884	5.541852
2888	5.532895
2892	5.530751
2896	5.521883
2900	5.51958
2904	5.547931
2908	5.541765
2912	5.535834
2916	5.519349
2920	5.522273
2924	5.479234
2928	5.405944
2932	5.329837
2936	5.260626
2940	5.233411
2944	5.147873
2948	5.045568
2952	4.921832
2956	4.85655
2960	4.803161
2964	4.712166
2968	4.636525
2972	4.58395
2976	4.521464
2980	4.496041
2984	4.459162
2988	4.420348
2992	4.392012
2996	4.378484
3000	4.362987
3004	4.350423
3008	4.331587
3012	4.287805
3016	4.270742
3020	4.269302
3024	4.253468
3028	4.210702
3032	4.174136
3036	4.173116
3040	4.130868
3044	4.08119
3048	4.045464
3052	4.014816
3056	3.994808
3060	3.954244
3064	3.919984
3068	3.874793
3072	3.82355
3076	3.77465
3080	3.745017
3084	3.724571
3088	3.681447
3092	3.649854
3096	3.614818
3100	3.563452
3104	3.527232
3108	3.49728
3112	3.466607
3116	3.398261
3120	3.357492
3124	3.324088
3128	3.317931
3132	3.290782
3136	3.250244
3140	3.220805
3144	3.199883
3148	3.166161
3152	3.13705
3156	3.134352
3160	3.142298
3164	3.123914
3168	3.114229
3172	3.106219
3176	3.123941
3180	3.115582
3184	3.10524
3188	3.074739
3192	3.077842
3196	3.07108
3200	3.086328
3204	3.096786
3208	3.08901
3212	3.07142
3216	3.064962
3220	3.056317
3224	3.049089
3228	3.064289
3232	3.052873
3236	3.056349
3240	3.051532
3244	3.071964
3248	3.067074
3252	3.079241
3256	3.068619
3260	3.062401
3264	3.057241
3268	3.059961
3272	3.056251
3276	3.06036
3280	3.045939
3284	3.047359
3288	3.055468
3292	3.058537
3296	3.06129
3300	3.07105
3304	3.070964
3308	3.077575
3312	3.079018
3316	3.051379
3320	3.036503
3324	3.045695
3328	3.03565
3332	3.024853
3336	3.020827
3340	3.022324
3344	3.008423
3348	2.980771
3352	2.976345
3356	2.955803
3360	2.943524
3364	2.927003
3368	2.893906
3372	2.859084
3376	2.806434
3380	2.752603
3384	2.69381
3388	2.616135
3392	2.53762
3396	2.450337
3400	2.337889
