376	8.143344
384	7.813426
388	7.692518
392	7.638497
396	7.252104
400	6.850976
404	6.814743
408	6.69593
412	6.545256
416	6.422843
420	6.376663
424	6.14596
428	6.020561
432	6.002395
436	5.829362
440	5.698122
444	5.636466
448	5.529406
452	5.389019
456	5.410428
460	5.309473
464	5.277481
468	5.110533
472	5.158012
476	5.042539
480	4.935168
484	4.818198
488	4.786073
492	4.785754
496	4.758737
500	4.681007
504	4.610622
508	4.599564
512	4.546411
516	4.456691
520	4.477334
524	4.438745
528	4.436638
532	4.330474
536	4.290967
540	4.244434
544	4.2859
548	4.227817
552	4.185781
556	4.157591
560	4.065296
564	3.971116
568	3.999299
572	3.989615
576	3.931405
580	3.973227
584	3.902095
588	3.850052
592	3.780291
596	3.735104
600	3.653977
604	3.667768
608	3.62657
612	3.641454
616	3.596805
620	3.600914
624	3.547299
628	3.516959
632	3.48052
636	3.451476
640	3.466324
644	3.411756
648	3.346736
652	3.364346
656	3.305607
660	3.296492
664	3.286963
668	3.271357
672	3.212781
676	3.173418
680	3.138045
684	3.107197
688	3.129164
692	3.080528
696	3.099512
700	3.000933
704	3.020542
708	2.979656
712	2.952846
716	2.930012
720	2.951516
724	2.914669
728	2.866205
732	2.842705
736	2.823363
740	2.830744
744	2.78866
748	2.760484
752	2.774784
756	2.768313
760	2.712555
764	2.742261
768	2.718561
772	2.705164
776	2.670578
780	2.663804
784	2.665279
788	2.632843
792	2.619162
796	2.550193
800	2.566353
804	2.563564
808	2.528981
812	2.513748
816	2.493222
820	2.488793
824	2.462963
828	2.451356
832	2.433811
836	2.421676
840	2.402239
844	2.391528
848	2.402566
852	2.408346
856	2.388344
860	2.357283
864	2.355571
868	2.361361
872	2.379248
876	2.394088
880	2.372898
884	2.345902
888	2.366128
892	2.351126
896	2.378257
900	2.373034
904	2.361704
908	2.323245
912	2.289684
916	2.271562
920	2.281621
924	2.272369
928	2.259963
932	2.255134
936	2.231069
940	2.242567
944	2.243453
948	2.269044
952	2.253877
956	2.235216
960	2.237392
964	2.239708
968	2.241623
972	2.227693
976	2.240325
980	2.230294
984	2.253908
988	2.264178
992	2.228531
996	2.233342
1000	2.245144
1004	2.235249
1008	2.217693
1012	2.241091
1016	2.25542
1020	2.240787
1024	2.226256
1028	2.25734
1032	2.248363
1036	2.273997
1040	2.282842
1044	2.285589
1048	2.246399
1052	2.249568
1056	2.228691
1060	2.177773
1064	2.236925
1068	2.248455
1072	2.26737
1076	2.22827
1080	2.231396
1084	2.235611
1088	2.241396
1092	2.257963
1096	2.284918
1100	2.275299
1104	2.231465
1108	2.237802
1112	2.255701
1116	2.256526
1120	2.267935
1124	2.255187
1128	2.229607
1132	2.235088
1136	2.238788
1140	2.237985
1144	2.297542
1148	2.305045
1152	2.294811
1156	2.295764
1160	2.283227
1164	2.267066
1168	2.26144
1172	2.282779
1176	2.313056
1180	2.29888
1184	2.244652
1188	2.294608
1192	2.296035
1196	2.284894
1200	2.282846
1204	2.289639
1208	2.301319
1212	2.320138
1216	2.317098
1220	2.334878
1224	2.3337
1228	2.279601
1232	2.316854
1236	2.322755
1240	2.324605
1244	2.3011
1248	2.293522
1252	2.267488
1256	2.272822
1260	2.309773
1264	2.335248
1268	2.32088
1272	2.324552
1276	2.325422
1280	2.311291
1284	2.336344
1288	2.309484
1292	2.269679
1296	2.279984
1300	2.318632
1304	2.313743
1308	2.275249
1312	2.280506
1316	2.286897
1320	2.271587
1324	2.26806
1328	2.305934
1332	2.302929
1336	2.277894
1340	2.284504
1344	2.268363
1348	2.27134
1352	2.327311
1356	2.292363
1360	2.252667
1364	2.259668
1368	2.276411
1372	2.305657
1376	2.286339
1380	2.264675
1384	2.304994
1388	2.329932
1392	2.263755
1396	2.270107
1400	2.30387
1404	2.295463
1408	2.288156
1412	2.285263
1416	2.283634
1420	2.262932
1424	2.293631
1428	2.31876
1432	2.298547
1436	2.243358
1440	2.298329
1444	2.285233
1448	2.267359
1452	2.271927
1456	2.281435
1460	2.261871
1464	2.266844
1468	2.272408
1472	2.279165
1476	2.280819
1480	2.275999
1484	2.272533
1488	2.30795
1492	2.313787
1496	2.296134
1500	2.253671
1504	2.278208
1508	2.284102
1512	2.296355
1516	2.295317
1520	2.263145
1524	2.263587
1528	2.263636
1532	2.276338
1536	2.290086
1540	2.265518
1544	2.254879
1548	2.277798
1552	2.290906
1556	2.279415
1560	2.292445
1564	2.311548
1568	2.290133
1572	2.263686
1576	2.279074
1580	2.280299
1584	2.276477
1588	2.278795
1592	2.301171
1596	2.3334
1600	2.322033
1604	2.280239
1608	2.293134
1612	2.326602
1616	2.300656
1620	2.320011
1624	2.324756
1628	2.317068
1632	2.316164
1636	2.325531
1640	2.384836
1644	2.334007
1648	2.326864
1652	2.337126
1656	2.311944
1660	2.329768
1664	2.337948
1668	2.342415
1672	2.336016
1676	2.349112
1680	2.360291
1684	2.359984
1688	2.381053
1692	2.4023
1696	2.380818
1700	2.370203
1704	2.384566
1708	2.352485
1712	2.319365
1716	2.346197
1720	2.367873
1724	2.40274
1728	2.358043
1732	2.370872
1736	2.416137
1740	2.404062
1744	2.399171
1748	2.37992
1752	2.391198
1756	2.391498
1760	2.463949
1764	2.447518
1768	2.40831
1772	2.388189
1776	2.443235
1780	2.426079
1784	2.428002
1788	2.404135
1792	2.410797
1796	2.434751
1800	2.46617
1804	2.456712
1808	2.441585
1812	2.477978
1816	2.510471
1820	2.553343
1824	2.532065
1828	2.511778
1832	2.493104
1836	2.501721
1840	2.503027
1844	2.537608
1848	2.549301
1852	2.517366
1856	2.496542
1860	2.488142
1864	2.520377
1868	2.520579
1872	2.549134
1876	2.588655
1880	2.556822
1884	2.518208
1888	2.586073
1892	2.58161
1896	2.616051
1900	2.610408
1904	2.562081
1908	2.563426
1912	2.58842
1916	2.622653
1920	2.66351
1924	2.633157
1928	2.618426
1932	2.651865
1936	2.674151
1940	2.677109
1944	2.632034
1948	2.621396
1952	2.670273
1956	2.642923
1960	2.646847
1964	2.68175
1968	2.689132
1972	2.674459
1976	2.664638
1980	2.686446
1984	2.704781
1988	2.699169
1992	2.692052
1996	2.672601
2000	2.648188
2004	2.65016
2008	2.696519
2012	2.699047
2016	2.700897
2020	2.701667
2024	2.703575
2028	2.689049
2032	2.711241
2036	2.710953
2040	2.726324
2044	2.70003
2048	2.709953
2052	2.722584
2056	2.717938
2060	2.724569
2064	2.741104
2068	2.73979
2072	2.757861
2076	2.765913
2080	2.780141
2084	2.791174
2088	2.777854
2092	2.781451
2096	2.790711
2100	2.814983
2104	2.817018
2108	2.836951
2112	2.843874
2116	2.855043
2120	2.85503
2124	2.859398
2128	2.921328
2132	2.945663
2136	2.945909
2140	2.936504
2144	2.976239
2148	2.959288
2152	2.979739
2156	2.977604
2160	3.010091
2164	2.995235
2168	3.012378
2172	3.017598
2176	3.050017
2180	3.064418
2184	3.0746
2188	3.05467
2192	3.107809
2196	3.095135
2200	3.079654
2204	3.114192
2208	3.149655
2212	3.13481
2216	3.162987
2220	3.1534
2224	3.109519
2228	3.15913
2232	3.192346
2236	3.214994
2240	3.187444
2244	3.217174
2248	3.211441
2252	3.202103
2256	3.225115
2260	3.236338
2264	3.202844
2268	3.209173
2272	3.259426
2276	3.309405
2280	3.291122
2284	3.262593
2288	3.276687
2292	3.316375
2296	3.35112
2300	3.364142
2304	3.339957
2308	3.402485
2312	3.402818
2316	3.401421
2320	3.436654
2324	3.395989
2328	3.416152
2332	3.38568
2336	3.400716
2340	3.433676
2344	3.477057
2348	3.448543
2352	3.47674
2356	3.511397
2360	3.524538
2364	3.524586
2368	3.529297
2372	3.558082
2376	3.545732
2380	3.533204
2384	3.583011
2388	3.58025
2392	3.604912
2396	3.583186
2400	3.570307
2404	3.526113
2408	3.541569
2412	3.526525
2416	3.53149
2420	3.485175
2424	3.448422
2428	3.422148
2432	3.373449
2436	3.390918
2440	3.388954
2444	3.31955
2448	3.27578
2452	3.254642
2456	3.28293
2460	3.259391
2464	3.261317
2468	3.27513
2472	3.279221
2476	3.28924
2480	3.311075
2484	3.346547
2488	3.378672
2492	3.361765
2496	3.394974
2500	3.389176
2504	3.388533
2508	3.410958
2512	3.37857
2516	3.383117
2520	3.386447
2524	3.397939
2528	3.406702
2532	3.403554
2536	3.390579
2540	3.37117
2544	3.383596
2548	3.384226
2552	3.370192
2556	3.362368
2560	3.393802
2564	3.360687
2568	3.330506
2572	3.346901
2576	3.340363
2580	3.299169
2584	3.304095
2588	3.306618
2592	3.299285
2596	3.309995
2600	3.289179
2604	3.273808
2608	3.261228
2612	3.24872
2616	3.257332
2620	3.233102
2624	3.212252
2628	3.216369
2632	3.207202
2636	3.220763
2640	3.20021
2644	3.179106
2648	3.161618
2652	3.157556
2656	3.134989
2660	3.119011
2664	3.094352
2668	3.079889
2672	3.039836
2676	3.054864
2680	3.036968
2684	3.001986
2688	2.975133
2692	2.964799
2696	2.970703
2700	2.965581
2704	2.911946
2708	2.899707
2712	2.893699
2716	2.854654
2720	2.841747
2724	2.83948
2728	2.799586
2732	2.772027
2736	2.767429
2740	2.754747
2744	2.759148
2748	2.728131
2752	2.687878
2756	2.711963
2760	2.712791
2764	2.657802
2768	2.641913
2772	2.665819
2776	2.636027
2780	2.580303
2784	2.568288
2788	2.579792
2792	2.5693
2796	2.57606
2800	2.537188
2804	2.500671
2808	2.472736
2812	2.423306
2816	2.430765
2820	2.425574
2824	2.399619
2828	2.39386
2832	2.382194
2836	2.354697
2840	2.303184
2844	2.27838
2848	2.267678
2852	2.225306
2856	2.194098
2860	2.175383
2864	2.137355
2868	2.118005
2872	2.108103
2876	2.094521
2880	2.073642
2884	2.035732
2888	2.028415
2892	2.038628
2896	1.996912
2900	1.991545
2904	1.957894
2908	1.928129
2912	1.931889
2916	1.930859
2920	1.881121
2924	1.87312
2928	1.867953
2932	1.81936
2936	1.812406
2940	1.787577
2944	1.773043
2948	1.754214
2952	1.729997
2956	1.718126
2960	1.674838
2964	1.650276
2968	1.640466
2972	1.635722
2976	1.622344
2980	1.582741
2984	1.569887
2988	1.583313
2992	1.55247
2996	1.532859
3000	1.513468
3004	1.523333
3008	1.505198
3012	1.497606
3016	1.489427
3020	1.472803
3024	1.477853
3028	1.47266
3032	1.477867
3036	1.485892
3040	1.483772
3044	1.465748
3048	1.463275
3052	1.463045
3056	1.459437
3060	1.449306
3064	1.447848
3068	1.45914
3072	1.441111
3076	1.425973
3080	1.430062
3084	1.444558
3088	1.445094
3092	1.442199
3096	1.435706
3100	1.416427
3104	1.440971
3108	1.421281
3112	1.423314
3116	1.432971
3120	1.436864
3124	1.449214
3128	1.444982
3132	1.446164
3136	1.442947
3140	1.460088
3144	1.461342
3148	1.48166
3152	1.483307
3156	1.485433
3160	1.487077
3164	1.504202
3168	1.513425
3172	1.505028
3176	1.517817
3180	1.508118
3184	1.531038
3188	1.550532
3192	1.56342
3196	1.536691
3200	1.566954
3204	1.564804
3208	1.556132
3212	1.571344
3216	1.594744
3220	1.579385
3224	1.584025
3228	1.586664
3232	1.583989
3236	1.5922
3240	1.582271
3244	1.584675
3248	1.564433
3252	1.55363
3256	1.592963
3260	1.576741
3264	1.587528
3268	1.636675
3272	1.633298
3276	1.631548
3280	1.623618
3284	1.627857
3288	1.660848
3292	1.646145
3296	1.693682
3300	1.737789
3304	1.73658
3308	1.755175
3312	1.793428
3316	1.832267
3320	1.885268
3324	1.939431
3328	1.990558
3332	2.041728
3336	2.075872
3340	2.152211
3344	2.243264
3348	2.37451
3352	2.505836
3356	2.66823
3360	2.821799
3364	2.987074
3368	3.275629
3372	3.590955
3376	3.956221
3380	4.384872
3384	4.845112
3388	5.60186
3392	6.525578
3396	7.396144
3400	8.216684
