376	1.648219
384	1.671876
388	1.693389
392	1.702947
396	1.742912
400	1.791195
404	1.803393
408	1.837031
412	1.868315
416	1.88582
420	1.902586
424	1.930318
428	1.947498
432	1.964229
436	1.989155
440	2.016262
444	2.028113
448	2.057739
452	2.081074
456	2.091421
460	2.0984
464	2.102679
468	2.123023
472	2.143732
476	2.159683
480	2.1548
484	2.162577
488	2.16532
492	2.152088
496	2.148555
500	2.154994
504	2.138799
508	2.129769
512	2.121111
516	2.09266
520	2.043676
524	2.038668
528	2.005951
532	1.971171
536	1.941102
540	1.881414
544	1.83553
548	1.781989
552	1.770364
556	1.742284
560	1.679378
564	1.60072
568	1.577268
572	1.544979
576	1.520796
580	1.48885
584	1.421108
588	1.389118
592	1.357634
596	1.296478
600	1.279492
604	1.295052
608	1.247237
612	1.20321
616	1.212096
620	1.22678
624	1.237731
628	1.208597
632	1.200477
636	1.196811
640	1.199524
644	1.171826
648	1.151848
652	1.145031
656	1.133546
660	1.122522
664	1.125846
668	1.124505
672	1.151929
676	1.171373
680	1.199722
684	1.172776
688	1.168496
692	1.190665
696	1.196922
700	1.2027
704	1.215806
708	1.235716
712	1.249653
716	1.252339
720	1.241323
724	1.250768
728	1.232385
732	1.252966
736	1.290215
740	1.324469
744	1.32987
748	1.339249
752	1.369228
756	1.376494
760	1.373171
764	1.413973
768	1.399991
772	1.366653
776	1.337149
780	1.269003
784	1.212443
788	1.19509
792	1.118669
796	1.037747
800	0.9953091
804	1.002076
808	1.01765
812	1.072915
816	1.113287
820	1.110269
824	1.102054
828	1.115219
832	1.154107
836	1.104617
840	1.055396
844	1.060326
848	1.026702
852	0.9944878
856	0.9387355
860	0.8563714
864	0.7826256
868	0.7580301
872	0.651732
876	0.5568765
880	0.5297487
884	0.4648846
888	0.3859351
892	0.2802836
896	0.1997419
900	0.1119207
904	0.001361037
908	-0.09654328
912	-0.1825576
916	-0.2691298
920	-0.338037
924	-0.3823826
928	-0.4787491
932	-0.5228558
936	-0.6133434
940	-0.6556377
944	-0.6818988
948	-0.6787328
952	-0.7514542
956	-0.78622
960	-0.7839403
964	-0.8195146
968	-0.8102539
972	-0.8375096
976	-0.8860877
980	-0.888115
984	-0.8613937
988	-0.8884533
992	-0.9142662
996	-0.9258409
1000	-0.9107887
1004	-0.9073721
1008	-0.8889896
1012	-0.8844217
1016	-0.8579021
1020	-0.8501072
1024	-0.8468214
1028	-0.8281915
1032	-0.7881318
1036	-0.754134
1040	-0.7266598
1044	-0.7056666
1048	-0.6930309
1052	-0.6637844
1056	-0.6476184
1060	-0.6467422
1064	-0.6091374
1068	-0.5781721
1072	-0.5565521
1076	-0.555989
1080	-0.5270323
1084	-0.5002552
1088	-0.464359
1092	-0.4296967
1096	-0.3957171
1100	-0.3804241
1104	-0.3723021
1108	-0.3505259
1112	-0.3263109
1116	-0.2837383
1120	-0.2596081
1124	-0.2424874
1128	-0.2208239
1132	-0.1968421
1136	-0.1644505
1140	-0.1387708
1144	-0.1020738
1148	-0.06957012
1152	-0.0414291
1156	-0.03144187
1160	-0.007539295
1164	0.01998572
1168	0.04871192
1172	0.07960992
1176	0.102687
1180	0.1215646
1184	0.1458021
1188	0.1825491
1192	0.2090813
1196	0.2231573
1200	0.2454542
1204	0.2785919
1208	0.3007226
1212	0.3213252
1216	0.3375954
1220	0.3627416
1224	0.3954892
1228	0.4067508
1232	0.4364723
1236	0.4649933
1240	0.4838859
1244	0.5057042
1248	0.5218251
1252	0.5340167
1256	0.5476195
1260	0.5767434
1264	0.609122
1268	0.6312914
1272	0.6426941
1276	0.6553368
1280	0.6823869
1284	0.7039952
1288	0.7166802
1292	0.73422
1296	0.7575209
1300	0.7859719
1304	0.7934936
1308	0.8103293
1312	0.8278902
1316	0.8432304
1320	0.8560022
1324	0.8708397
1328	0.9068252
1332	0.915126
1336	0.9334388
1340	0.9530087
1344	0.9706568
1348	0.9820799
1352	1.00851
1356	1.024806
1360	1.036939
1364	1.043884
1368	1.070526
1372	1.086853
1376	1.096555
1380	1.115042
1384	1.132037
1388	1.146105
1392	1.157684
1396	1.165796
1400	1.187177
1404	1.205
1408	1.223131
1412	1.232873
1416	1.243236
1420	1.255816
1424	1.28039
1428	1.290112
1432	1.296985
1436	1.307145
1440	1.318108
1444	1.335452
1448	1.351678
1452	1.355528
1456	1.368557
1460	1.379288
1464	1.391179
1468	1.402722
1472	1.416534
1476	1.422742
1480	1.437794
1484	1.442651
1488	1.45724
1492	1.471346
1496	1.484595
1500	1.486319
1504	1.494741
1508	1.511047
1512	1.516825
1516	1.524361
1520	1.53878
1524	1.550976
1528	1.564364
1532	1.574815
1536	1.573901
1540	1.586064
1544	1.598639
1548	1.607259
1552	1.619183
1556	1.626971
1560	1.631968
1564	1.650335
1568	1.660933
1572	1.665901
1576	1.682884
1580	1.685698
1584	1.693544
1588	1.701673
1592	1.706057
1596	1.714146
1600	1.722429
1604	1.730685
1608	1.73648
1612	1.74763
1616	1.756013
1620	1.767544
1624	1.770525
1628	1.777748
1632	1.78871
1636	1.795133
1640	1.803023
1644	1.807597
1648	1.819025
1652	1.826642
1656	1.834158
1660	1.835724
1664	1.844865
1668	1.856475
1672	1.863232
1676	1.871622
1680	1.876826
1684	1.882145
1688	1.89183
1692	1.905248
1696	1.914962
1700	1.918269
1704	1.927278
1708	1.929544
1712	1.929587
1716	1.934187
1720	1.945981
1724	1.951654
1728	1.952615
1732	1.9696
1736	1.983888
1740	1.975633
1744	1.989848
1748	2.000323
1752	2.005683
1756	2.016996
1760	2.016277
1764	2.024414
1768	2.030164
1772	2.03957
1776	2.030534
1780	2.037656
1784	2.044426
1788	2.058497
1792	2.066726
1796	2.061497
1800	2.075351
1804	2.09396
1808	2.103061
1812	2.124977
1816	2.114893
1820	2.125593
1824	2.135774
1828	2.136127
1832	2.142257
1836	2.144112
1840	2.160411
1844	2.165923
1848	2.177448
1852	2.188643
1856	2.202352
1860	2.213533
1864	2.219564
1868	2.225011
1872	2.239088
1876	2.233859
1880	2.226847
1884	2.251919
1888	2.266856
1892	2.276174
1896	2.291342
1900	2.299704
1904	2.287696
1908	2.302141
1912	2.32311
1916	2.338728
1920	2.358819
1924	2.364039
1928	2.355454
1932	2.366279
1936	2.381354
1940	2.394791
1944	2.405199
1948	2.400618
1952	2.408051
1956	2.407091
1960	2.424229
1964	2.441992
1968	2.449799
1972	2.45949
1976	2.486699
1980	2.493728
1984	2.520567
1988	2.533622
1992	2.516552
1996	2.536842
2000	2.54044
2004	2.550983
2008	2.597401
2012	2.605992
2016	2.612404
2020	2.612882
2024	2.640603
2028	2.644701
2032	2.678686
2036	2.6829
2040	2.695235
2044	2.713355
2048	2.723452
2052	2.737569
2056	2.73431
2060	2.757706
2064	2.77833
2068	2.800868
2072	2.808683
2076	2.816337
2080	2.840285
2084	2.853572
2088	2.867622
2092	2.882276
2096	2.903308
2100	2.915391
2104	2.923792
2108	2.942815
2112	2.96058
2116	2.973405
2120	2.987653
2124	2.999009
2128	3.027339
2132	3.038506
2136	3.057472
2140	3.068081
2144	3.098061
2148	3.106341
2152	3.119251
2156	3.144796
2160	3.154906
2164	3.155725
2168	3.183668
2172	3.19683
2176	3.218222
2180	3.244694
2184	3.252038
2188	3.255889
2192	3.318116
2196	3.316571
2200	3.324532
2204	3.345297
2208	3.368824
2212	3.383759
2216	3.415426
2220	3.416725
2224	3.414105
2228	3.461112
2232	3.481826
2236	3.514607
2240	3.502014
2244	3.549242
2248	3.562831
2252	3.560329
2256	3.574859
2260	3.612144
2264	3.639246
2268	3.644343
2272	3.667823
2276	3.694279
2280	3.696022
2284	3.705825
2288	3.750589
2292	3.783005
2296	3.801958
2300	3.866366
2304	3.87007
2308	3.889856
2312	3.904208
2316	3.943579
2320	3.978902
2324	3.99993
2328	4.006223
2332	4.00478
2336	4.040455
2340	4.060818
2344	4.109491
2348	4.109193
2352	4.186561
2356	4.215886
2360	4.243753
2364	4.224793
2368	4.262968
2372	4.307815
2376	4.290961
2380	4.323426
2384	4.381949
2388	4.387369
2392	4.367831
2396	4.38792
2400	4.441286
2404	4.480481
2408	4.536708
2412	4.552807
2416	4.559695
2420	4.587255
2424	4.624282
2428	4.645027
2432	4.683155
2436	4.772524
2440	4.811054
2444	4.812535
2448	4.821719
2452	4.861109
2456	4.93354
2460	4.944984
2464	4.993347
2468	5.07261
2472	5.124743
2476	5.163815
2480	5.212703
2484	5.262277
2488	5.315025
2492	5.298831
2496	5.336971
2500	5.374963
2504	5.397614
2508	5.411573
2512	5.44859
2516	5.460487
2520	5.487092
2524	5.540738
2528	5.53945
2532	5.574192
2536	5.598403
2540	5.624125
2544	5.67318
2548	5.683075
2552	5.674053
2556	5.714489
2560	5.75784
2564	5.759729
2568	5.759413
2572	5.80811
2576	5.843131
2580	5.849882
2584	5.884403
2588	5.899806
2592	5.923059
2596	5.953892
2600	5.955979
2604	5.971901
2608	5.999609
2612	5.97879
2616	6.022378
2620	6.056601
2624	6.057234
2628	6.075347
2632	6.102445
2636	6.136853
2640	6.119545
2644	6.150002
2648	6.181208
2652	6.208721
2656	6.207119
2660	6.21354
2664	6.208131
2668	6.254857
2672	6.260139
2676	6.299989
2680	6.282972
2684	6.280684
2688	6.302694
2692	6.331395
2696	6.324769
2700	6.363281
2704	6.352971
2708	6.375268
2712	6.397319
2716	6.401505
2720	6.42423
2724	6.450922
2728	6.41969
2732	6.426005
2736	6.474628
2740	6.468462
2744	6.490851
2748	6.465731
2752	6.460213
2756	6.53115
2760	6.500392
2764	6.490652
2768	6.468995
2772	6.527036
2776	6.47993
2780	6.410604
2784	6.420781
2788	6.422471
2792	6.422298
2796	6.40052
2800	6.36789
2804	6.330854
2808	6.333488
2812	6.304829
2816	6.242381
2820	6.236301
2824	6.222343
2828	6.196584
2832	6.20407
2836	6.143565
2840	6.099819
2844	6.138889
2848	6.1321
2852	6.11687
2856	6.078555
2860	6.083409
2864	6.055783
2868	6.095907
2872	6.080773
2876	6.081133
2880	6.056471
2884	6.033002
2888	6.029763
2892	6.021942
2896	6.007741
2900	5.969538
2904	5.958426
2908	5.909912
2912	5.891396
2916	5.862818
2920	5.836179
2924	5.835412
2928	5.832956
2932	5.803982
2936	5.801198
2940	5.786939
2944	5.801708
2948	5.820125
2952	5.806629
2956	5.829617
2960	5.827349
2964	5.814292
2968	5.854253
2972	5.882813
2976	5.897509
2980	5.895461
2984	5.896621
2988	5.905268
2992	5.89688
2996	5.915307
3000	5.917522
3004	5.914397
3008	5.895009
3012	5.881725
3016	5.886592
3020	5.869584
3024	5.86259
3028	5.870383
3032	5.872416
3036	5.869821
3040	5.869564
3044	5.840052
3048	5.837073
3052	5.832322
3056	5.818638
3060	5.815535
3064	5.801702
3068	5.827285
3072	5.804402
3076	5.783644
3080	5.781257
3084	5.789743
3088	5.770909
3092	5.759474
3096	5.739928
3100	5.702863
3104	5.723887
3108	5.672975
3112	5.678215
3116	5.678026
3120	5.652958
3124	5.633465
3128	5.598725
3132	5.56255
3136	5.539991
3140	5.528116
3144	5.516029
3148	5.514731
3152	5.452186
3156	5.412548
3160	5.38984
3164	5.380894
3168	5.373795
3172	5.3369
3176	5.30388
3180	5.261794
3184	5.239128
3188	5.218773
3192	5.2128
3196	5.172616
3200	5.224365
3204	5.191123
3208	5.150498
3212	5.146928
3216	5.144933
3220	5.132193
3224	5.123935
3228	5.096548
3232	5.068604
3236	5.079262
3240	5.042675
3244	5.014933
3248	5.009949
3252	5.00751
3256	5.010887
3260	4.969848
3264	4.936033
3268	4.912397
3272	4.864239
3276	4.824088
3280	4.747749
3284	4.69184
3288	4.65091
3292	4.600701
3296	4.53571
3300	4.481239
3304	4.444807
3308	4.40979
3312	4.359632
3316	4.30779
3320	4.263862
3324	4.234425
3328	4.204038
3332	4.154251
3336	4.100919
3340	4.065953
3344	4.023488
3348	3.980506
3352	3.936557
3356	3.876676
3360	3.823575
3364	3.766511
3368	3.703987
3372	3.636357
3376	3.536192
3380	3.427885
3384	3.326165
3388	3.191753
3392	3.056441
3396	2.903408
3400	2.732072
