376	0.6086227
384	0.6322838
388	0.6708115
392	0.6795251
396	0.6964395
400	0.7298101
404	0.7567908
408	0.7820522
412	0.8108923
416	0.8369137
420	0.8577726
424	0.9072141
428	0.9390835
432	0.9730318
436	1.024689
440	1.04728
444	1.085821
448	1.128933
452	1.162529
456	1.212919
460	1.278211
464	1.308115
468	1.357334
472	1.395361
476	1.459556
480	1.5049
484	1.565538
488	1.613342
492	1.657667
496	1.709382
500	1.78016
504	1.843228
508	1.890689
512	1.928884
516	2.007155
520	2.052358
524	2.100861
528	2.144546
532	2.190512
536	2.249795
540	2.279036
544	2.298004
548	2.327465
552	2.328225
556	2.353963
560	2.430612
564	2.433942
568	2.424497
572	2.4201
576	2.440847
580	2.431143
584	2.420269
588	2.413589
592	2.426574
596	2.419859
600	2.428545
604	2.414835
608	2.417482
612	2.374841
616	2.397697
620	2.392344
624	2.366726
628	2.3641
632	2.383859
636	2.385595
640	2.362344
644	2.374528
648	2.362339
652	2.337017
656	2.335126
660	2.331389
664	2.299529
668	2.299262
672	2.299725
676	2.294429
680	2.312836
684	2.336097
688	2.341937
692	2.361284
696	2.376145
700	2.39842
704	2.411728
708	2.395195
712	2.391768
716	2.404531
720	2.409113
724	2.385088
728	2.453661
732	2.477081
736	2.438682
740	2.457799
744	2.509972
748	2.5797
752	2.65923
756	2.70048
760	2.760929
764	2.812826
768	2.847312
772	2.9054
776	2.96841
780	3.037353
784	3.036111
788	3.098187
792	3.12147
796	3.073771
800	3.074342
804	2.992034
808	2.971164
812	2.983513
816	2.968137
820	3.02027
824	3.085397
828	3.167748
832	3.229683
836	3.281415
840	3.354481
844	3.377867
848	3.442255
852	3.460041
856	3.502797
860	3.597361
864	3.636928
868	3.690098
872	3.722054
876	3.709068
880	3.74679
884	3.829381
888	3.874151
892	3.857778
896	3.813134
900	3.783704
904	3.746166
908	3.746935
912	3.718589
916	3.698442
920	3.684803
924	3.598368
928	3.546941
932	3.470669
936	3.432733
940	3.384225
944	3.311407
948	3.223355
952	3.126566
956	3.101861
960	3.04442
964	2.963018
968	2.892723
972	2.835635
976	2.799057
980	2.735955
984	2.650973
988	2.603263
992	2.560166
996	2.47526
1000	2.425942
1004	2.381346
1008	2.304734
1012	2.251128
1016	2.203379
1020	2.147656
1024	2.108375
1028	2.051482
1032	2.003267
1036	1.966097
1040	1.940576
1044	1.890807
1048	1.842004
1052	1.809589
1056	1.752995
1060	1.70646
1064	1.676949
1068	1.656893
1072	1.647781
1076	1.603375
1080	1.561472
1084	1.548303
1088	1.516872
1092	1.491371
1096	1.477991
1100	1.453658
1104	1.414328
1108	1.396904
1112	1.369259
1116	1.355604
1120	1.335741
1124	1.310766
1128	1.270372
1132	1.251136
1136	1.245439
1140	1.238194
1144	1.245013
1148	1.217636
1152	1.198825
1156	1.182187
1160	1.155621
1164	1.135386
1168	1.115044
1172	1.108065
1176	1.102178
1180	1.08969
1184	1.07284
1188	1.060232
1192	1.054127
1196	1.033885
1200	1.022193
1204	1.019396
1208	1.011582
1212	1.004408
1216	0.9926326
1220	0.9899517
1224	0.979672
1228	0.9553742
1232	0.9608623
1236	0.9571774
1240	0.9428813
1244	0.9275978
1248	0.905744
1252	0.8995715
1256	0.9012305
1260	0.9035978
1264	0.8870252
1268	0.8794634
1272	0.8740308
1276	0.8789687
1280	0.868385
1284	0.8579834
1288	0.8464055
1292	0.8287921
1296	0.8400613
1300	0.8425694
1304	0.8382512
1308	0.8180686
1312	0.814029
1316	0.8153409
1320	0.7994643
1324	0.7969645
1328	0.8003953
1332	0.7919173
1336	0.7853048
1340	0.7745629
1344	0.7695974
1348	0.7699966
1352	0.7848169
1356	0.7801032
1360	0.7661834
1364	0.7554458
1368	0.7604271
1372	0.7706133
1376	0.7566885
1380	0.7507777
1384	0.751078
1388	0.7529608
1392	0.7342182
1396	0.7341362
1400	0.7309547
1404	0.7284478
1408	0.7262735
1412	0.7338327
1416	0.7225225
1420	0.71804
1424	0.7208757
1428	0.7303709
1432	0.72711
1436	0.7139026
1440	0.7174449
1444	0.7043257
1448	0.6967905
1452	0.695047
1456	0.6960512
1460	0.6981491
1464	0.686357
1468	0.693727
1472	0.6951254
1476	0.6953558
1480	0.6900858
1484	0.6824483
1488	0.6879944
1492	0.6946629
1496	0.6932467
1500	0.6840339
1504	0.6756535
1508	0.6849781
1512	0.6850532
1516	0.6791242
1520	0.6716372
1524	0.6661637
1528	0.6601723
1532	0.670693
1536	0.6697185
1540	0.6649982
1544	0.6541315
1548	0.6580395
1552	0.662774
1556	0.6533319
1560	0.659485
1564	0.6615993
1568	0.6508979
1572	0.6397689
1576	0.6408346
1580	0.6340078
1584	0.640085
1588	0.6366028
1592	0.6381243
1596	0.6495292
1600	0.6448672
1604	0.6322048
1608	0.630057
1612	0.6344106
1616	0.6344597
1620	0.6316736
1624	0.6348649
1628	0.6320295
1632	0.6280148
1636	0.6291409
1640	0.641368
1644	0.6323293
1648	0.628486
1652	0.6281396
1656	0.6200426
1660	0.6222351
1664	0.6293615
1668	0.6253508
1672	0.6190773
1676	0.6184861
1680	0.6218962
1684	0.6194098
1688	0.6221102
1692	0.6228931
1696	0.6114489
1700	0.6140451
1704	0.6228029
1708	0.6212589
1712	0.6239083
1716	0.6235057
1720	0.6290486
1724	0.6330237
1728	0.6259516
1732	0.6236301
1736	0.627937
1740	0.6287992
1744	0.6238694
1748	0.6192545
1752	0.6158071
1756	0.6178339
1760	0.6284583
1764	0.6315187
1768	0.6153663
1772	0.6252655
1776	0.6283263
1780	0.6163161
1784	0.6013331
1788	0.6038899
1792	0.6154242
1796	0.6179023
1800	0.6197949
1804	0.6162049
1808	0.6062221
1812	0.6082584
1816	0.6149557
1820	0.6318573
1824	0.6190139
1828	0.6285874
1832	0.6170417
1836	0.5997316
1840	0.6133431
1844	0.6280195
1848	0.6312218
1852	0.6250694
1856	0.6268504
1860	0.6256493
1864	0.6197597
1868	0.6308289
1872	0.6319637
1876	0.6328565
1880	0.6382815
1884	0.6259791
1888	0.6222225
1892	0.6430631
1896	0.6395162
1900	0.6379434
1904	0.6367558
1908	0.6297276
1912	0.6408349
1916	0.6536905
1920	0.6529037
1924	0.6485614
1928	0.647509
1932	0.6656098
1936	0.6644331
1940	0.6580281
1944	0.6534857
1948	0.6661573
1952	0.6792019
1956	0.6769155
1960	0.6670383
1964	0.6785242
1968	0.6952799
1972	0.6871498
1976	0.6844231
1980	0.6827687
1984	0.6947751
1988	0.7073124
1992	0.7209547
1996	0.7026799
2000	0.6989538
2004	0.7180235
2008	0.7218946
2012	0.7257605
2016	0.7420851
2020	0.7438412
2024	0.7380178
2028	0.7480024
2032	0.7466369
2036	0.7536306
2040	0.7530174
2044	0.745557
2048	0.7519704
2052	0.7637262
2056	0.7581151
2060	0.7661677
2064	0.770626
2068	0.7727364
2072	0.7754838
2076	0.7824125
2080	0.7925193
2084	0.7883742
2088	0.7923691
2092	0.8030187
2096	0.8040785
2100	0.8130772
2104	0.8190169
2108	0.816631
2112	0.8241153
2116	0.8306862
2120	0.8323225
2124	0.8346758
2128	0.8468499
2132	0.8601344
2136	0.8654748
2140	0.8631654
2144	0.8758389
2148	0.8857043
2152	0.891472
2156	0.9011801
2160	0.9212902
2164	0.9261527
2168	0.9354238
2172	0.935024
2176	0.9466871
2180	0.9583356
2184	0.9513205
2188	0.9600784
2192	0.9783888
2196	0.976284
2200	0.9807631
2204	0.9962072
2208	1.003719
2212	1.022017
2216	1.032272
2220	1.055676
2224	1.035971
2228	1.036921
2232	1.065965
2236	1.077262
2240	1.072004
2244	1.091828
2248	1.10139
2252	1.109557
2256	1.1165
2260	1.126197
2264	1.113215
2268	1.12149
2272	1.149842
2276	1.181273
2280	1.174657
2284	1.162765
2288	1.185431
2292	1.194597
2296	1.189544
2300	1.184632
2304	1.195279
2308	1.215664
2312	1.223639
2316	1.25489
2320	1.252068
2324	1.259082
2328	1.261027
2332	1.267131
2336	1.289038
2340	1.306316
2344	1.339389
2348	1.316321
2352	1.330175
2356	1.333912
2360	1.348155
2364	1.367229
2368	1.375109
2372	1.367717
2376	1.405784
2380	1.410832
2384	1.40844
2388	1.433267
2392	1.479387
2396	1.464453
2400	1.429537
2404	1.44278
2408	1.466399
2412	1.452322
2416	1.460156
2420	1.47563
2424	1.499039
2428	1.486208
2432	1.481243
2436	1.499578
2440	1.533266
2444	1.528337
2448	1.528968
2452	1.521145
2456	1.532191
2460	1.532414
2464	1.536053
2468	1.552153
2472	1.569109
2476	1.587368
2480	1.64088
2484	1.660437
2488	1.692349
2492	1.716943
2496	1.722124
2500	1.733322
2504	1.76408
2508	1.806193
2512	1.812023
2516	1.838433
2520	1.820789
2524	1.870473
2528	1.879267
2532	1.897378
2536	1.905621
2540	1.909845
2544	1.935961
2548	1.960675
2552	1.976955
2556	1.976361
2560	2.012522
2564	2.033772
2568	2.025577
2572	2.037094
2576	2.053125
2580	2.038419
2584	2.064941
2588	2.046935
2592	2.099012
2596	2.109596
2600	2.107888
2604	2.126894
2608	2.135923
2612	2.133428
2616	2.164542
2620	2.16048
2624	2.14639
2628	2.161372
2632	2.176891
2636	2.205344
2640	2.194328
2644	2.16891
2648	2.186977
2652	2.187274
2656	2.194281
2660	2.211337
2664	2.186616
2668	2.192197
2672	2.195933
2676	2.201558
2680	2.20557
2684	2.22232
2688	2.233408
2692	2.25016
2696	2.258022
2700	2.273425
2704	2.26548
2708	2.224297
2712	2.26644
2716	2.277415
2720	2.263052
2724	2.255295
2728	2.284522
2732	2.242411
2736	2.287022
2740	2.302501
2744	2.364209
2748	2.308398
2752	2.308272
2756	2.336602
2760	2.332821
2764	2.364836
2768	2.352095
2772	2.35444
2776	2.380671
2780	2.352912
2784	2.384946
2788	2.389483
2792	2.401935
2796	2.437889
2800	2.411792
2804	2.433686
2808	2.4397
2812	2.40532
2816	2.409759
2820	2.361285
2824	2.369866
2828	2.371109
2832	2.339343
2836	2.333241
2840	2.306046
2844	2.278864
2848	2.245444
2852	2.213699
2856	2.182851
2860	2.160042
2864	2.159858
2868	2.154841
2872	2.143828
2876	2.10918
2880	2.144158
2884	2.122354
2888	2.142558
2892	2.130005
2896	2.118807
2900	2.097886
2904	2.094385
2908	2.073393
2912	2.037604
2916	2.014148
2920	1.977666
2924	1.953717
2928	1.954251
2932	1.899009
2936	1.867399
2940	1.810728
2944	1.793013
2948	1.786793
2952	1.787125
2956	1.74469
2960	1.719219
2964	1.720391
2968	1.701795
2972	1.689678
2976	1.696738
2980	1.684716
2984	1.676582
2988	1.693953
2992	1.712614
2996	1.714297
3000	1.71557
3004	1.708875
3008	1.714629
3012	1.75495
3016	1.754151
3020	1.729676
3024	1.728266
3028	1.740073
3032	1.752795
3036	1.744144
3040	1.754522
3044	1.768475
3048	1.785647
3052	1.792974
3056	1.784046
3060	1.791283
3064	1.790612
3068	1.810901
3072	1.822238
3076	1.836356
3080	1.849686
3084	1.852001
3088	1.870548
3092	1.885889
3096	1.899861
3100	1.934594
3104	1.948762
3108	1.936565
3112	1.938151
3116	1.987837
3120	2.001877
3124	2.038909
3128	2.040913
3132	2.048431
3136	2.065482
3140	2.060927
3144	2.062756
3148	2.126453
3152	2.122519
3156	2.119252
3160	2.122546
3164	2.122357
3168	2.135026
3172	2.149071
3176	2.130332
3180	2.134614
3184	2.137293
3188	2.174074
3192	2.145388
3196	2.120107
3200	2.166807
3204	2.147747
3208	2.121299
3212	2.136789
3216	2.146511
3220	2.132291
3224	2.172829
3228	2.158167
3232	2.146869
3236	2.156392
3240	2.141155
3244	2.162331
3248	2.152956
3252	2.159126
3256	2.203489
3260	2.222414
3264	2.21187
3268	2.255622
3272	2.253343
3276	2.28562
3280	2.290591
3284	2.26241
3288	2.245359
3292	2.22031
3296	2.189372
3300	2.167244
3304	2.114872
3308	2.092368
3312	2.049245
3316	2.017282
3320	1.971008
3324	1.927208
3328	1.876427
3332	1.828408
3336	1.782727
3340	1.728517
3344	1.669096
3348	1.623422
3352	1.572633
3356	1.507002
3360	1.453134
3364	1.391868
3368	1.331954
3372	1.278335
3376	1.215757
3380	1.142439
3384	1.075483
3388	0.9922854
3392	0.8970601
3396	0.7841793
3400	0.6761892
